      0.36928407 
      0.42120465 
      0.49398951 
      0.56677436 
      0.63955922 
      0.71234407 
      0.78512892 
      0.81551713 
      0.84590532 
      0.87629354 
      0.90668176 
      0.93706995 
      0.96379826 
      0.99052656 
       1.0172549 
       1.0439831 
       1.0707114 
       1.0819067 
       1.0931018 
       1.1042970 
       1.1154923 
       1.1266874 
       1.1435058 
       1.1603241 
       1.1771424 
       1.1939607 
       1.2107789 
       1.2015913 
       1.1924037 
       1.1832160 
       1.1740283 
       1.1648407 
       1.1609988 
       1.1571568 
       1.1533149 
       1.1494730 
       1.1456310 
       1.1202085 
       1.0947859 
       1.0693634 
       1.0439408 
       1.0185183 
      0.99309576 
      0.96767321 
