0.30301372
0.437763958
0.788756746
0.967508618
1.212115959
1.393834043
1.456627656
1.697826312
1.70798653
1.815398352
2.069707771
2.002115612
1.950288345
2.315933503
2.209839896
2.291029937
2.308436482
2.378606875
2.288376189
2.39597298
2.520809968
2.42701845
2.470500269
2.558471148
2.547989857
2.633901891
2.612588449
2.453114349
2.452579137
2.429631661
2.407131123
2.299068921
2.306470064
2.110875108
2.046886212
1.929201062
1.902127913
1.782992548
1.937058055
1.868406967
1.561447951
1.580232283
1.381421059
