   
   
  gradk =   0.2000000    
  1   8.240000   0.015759   0.100075   0.000614
  2   8.242525   0.014980   0.099990   0.000504
  3   8.245050   0.014669   0.099990   0.000458
  4   8.247576   0.013969   0.099882   0.000360
  5   8.250101   0.013658   0.099882   0.000315
  6   8.252626   0.013348   0.099882   0.000271
  7   8.255152   0.013038   0.099882   0.000227
  8   8.257676   0.012683   0.099854   0.000177
  9   8.260201   0.012373   0.099854   0.000134
 10   8.262727   0.012064   0.099854   0.000089
 11   8.265252   0.011754   0.099854   0.000045
 12   8.267777   0.011445   0.099854   0.000002
 13   8.270303   0.011137   0.099854  -0.000041
 14   8.272828   0.010828   0.099854  -0.000084
 15   8.275353   0.010519   0.099854  -0.000128
 16   8.277879   0.009734   0.099732  -0.000236
 17   8.280404   0.009049   0.099654  -0.000330
 18   8.282929   0.008742   0.099654  -0.000372
 19   8.285455   0.008434   0.099654  -0.000415
 20   8.287979   0.008127   0.099654  -0.000457
 21   8.290504   0.007690   0.099602  -0.000517
 22   8.293030   0.007383   0.099602  -0.000558
 23   8.295555   0.007077   0.099602  -0.000600
 24   8.298080   0.006770   0.099602  -0.000641
 25   8.300606   0.006464   0.099602  -0.000683
 26   8.303131   0.006158   0.099602  -0.000724
 27   8.305656   0.005852   0.099602  -0.000765
 28   8.308182   0.005546   0.099602  -0.000806
 29   8.310707   0.005241   0.099602  -0.000848
 30   8.313232   0.004935   0.099602  -0.000888
 31   8.315758   0.004630   0.099602  -0.000929
 32   8.318282   0.004325   0.099602  -0.000969
 33   8.320807   0.003769   0.099512  -0.001042
 34   8.323333   0.005837   0.099618  -0.000757
 35   8.325858   0.010242   0.099896  -0.000154
 36   8.328383   0.009936   0.099896  -0.000195
 37   8.330909   0.009630   0.099896  -0.000236
 38   8.333434   0.009194   0.099833  -0.000294
 39   8.335959   0.008535   0.099724  -0.000382
 40   8.338485   0.008230   0.099724  -0.000422
 41   8.341010   0.002679   0.099340  -0.001174
 42   8.343535   0.007620   0.099724  -0.000503
 43   8.346061   0.006765   0.099612  -0.000617
 44   8.348586   0.006461   0.099612  -0.000657
 45   8.351110   0.006157   0.099612  -0.000697
 46   8.353636   0.005852   0.099612  -0.000737
 47   8.356161   0.005548   0.099612  -0.000777
 48   8.358686   0.005245   0.099612  -0.000816
 49   8.361212   0.004941   0.099612  -0.000855
 50   8.363737   0.004638   0.099612  -0.000894
 51   8.366262   0.004060   0.099523  -0.000969
 52   8.368788   0.003757   0.099523  -0.001008
 53   8.371313   0.003455   0.099523  -0.001047
 54   8.373838   0.002880   0.099452  -0.001121
 55   8.376364   0.002577   0.099452  -0.001160
 56   8.378889   0.002275   0.099452  -0.001198
 57   8.381413   0.001973   0.099452  -0.001236
 58   8.383939   0.001671   0.099452  -0.001274
 59   8.386464   0.001370   0.099452  -0.001311
 60   8.388989   0.001068   0.099452  -0.001350
 61   8.391515   0.000234   0.099371  -0.001456
 62   8.394040   0.000320   0.099246  -0.001525
 63   8.396565   0.000764   0.099207  -0.001581
 64   8.399091   0.001064   0.099207  -0.001618
 65   8.401616   0.001413   0.099183  -0.001660
 66   8.404141   0.001713   0.099183  -0.001697
 67   8.406667   0.002012   0.099183  -0.001735
 68   8.409192   0.002312   0.099183  -0.001771
 69   8.411716   0.002612   0.099183  -0.001807
 70   8.414242   0.003216   0.099121  -0.001882
 71   8.416767   0.004004   0.099018  -0.001981
 72   8.419292   0.004302   0.099018  -0.002016
 73   8.421818   0.004615   0.099007  -0.002054
 74   8.424343   0.005088   0.098944  -0.002111
 75   8.426868   0.005386   0.098944  -0.002146
 76   8.429394   0.005684   0.098944  -0.002181
 77   8.431919   0.005982   0.098944  -0.002215
 78   8.434444   0.006279   0.098944  -0.002251
 79   8.436970   0.005123   0.099052  -0.002100
 80   8.439495   0.005421   0.099052  -0.002134
 81   8.442020   0.005718   0.099052  -0.002169
 82   8.444545   0.008116   0.098826  -0.002470
 83   8.447070   0.006313   0.099052  -0.002238
 84   8.449595   0.009596   0.098593  -0.002649
 85   8.452121   0.008364   0.098746  -0.002489
 86   8.454646   0.010187   0.098593  -0.002716
 87   8.457171   0.010483   0.098593  -0.002749
 88   8.459697   0.010778   0.098593  -0.002782
 89   8.462222   0.011073   0.098593  -0.002816
 90   8.464747   0.011368   0.098593  -0.002848
 91   8.467273   0.010215   0.098701  -0.002698
 92   8.469798   0.010510   0.098701  -0.002732
 93   8.472323   0.010805   0.098701  -0.002765
 94   8.474848   0.011100   0.098701  -0.002797
 95   8.477373   0.011394   0.098701  -0.002830
 96   8.479898   0.011689   0.098701  -0.002861
 97   8.482424   0.011983   0.098701  -0.002894
 98   8.484949   0.012277   0.098701  -0.002927
 99   8.487474   0.012571   0.098701  -0.002958
 **   8.490000   0.012865   0.098701  -0.002991
