  0.1000000      0.0000000E+00
  0.1545455      0.0000000E+00
  0.2090909      0.0000000E+00
  0.2636364      0.0000000E+00
  0.3181818      0.0000000E+00
  0.3727273      0.0000000E+00
  0.4272727      0.0000000E+00
  0.4818182      0.0000000E+00
  0.5363637      0.0000000E+00
  0.5909091      0.0000000E+00
  0.6454546      0.0000000E+00
  0.7000000      0.0000000E+00
  0.7545455      0.0000000E+00
  0.8090909      0.0000000E+00
  0.8636364      0.0000000E+00
  0.9181818      0.0000000E+00
  0.9727273      0.0000000E+00
   1.027273      0.0000000E+00
   1.081818      0.0000000E+00
   1.136364      0.0000000E+00
   1.190909      0.0000000E+00
   1.245455      0.0000000E+00
   1.300000      0.0000000E+00
   1.354545      0.0000000E+00
   1.409091      0.0000000E+00
   1.463636      0.0000000E+00
   1.518182      0.0000000E+00
   1.572727      0.0000000E+00
   1.627273      0.0000000E+00
   1.681818      0.0000000E+00
   1.736364      0.0000000E+00
   1.790909      0.0000000E+00
   1.845455      0.0000000E+00
   1.900000      0.0000000E+00
   1.954545      0.0000000E+00
   2.009091      0.0000000E+00
   2.063636      0.0000000E+00
   2.118182      0.0000000E+00
   2.172727      0.0000000E+00
   2.227273      0.0000000E+00
   2.281818      0.0000000E+00
   2.336364      0.0000000E+00
   2.390909      0.0000000E+00
   2.445454      0.0000000E+00
   2.500000      0.0000000E+00
   2.554545      0.0000000E+00
   2.609091      0.0000000E+00
   2.663636      0.0000000E+00
   2.718182      0.0000000E+00
   2.772727      0.0000000E+00
   2.827273      0.0000000E+00
   2.881818      0.0000000E+00
   2.936363      0.0000000E+00
   2.990909      0.0000000E+00
   3.045455      0.0000000E+00
   3.100000      0.0000000E+00
   3.154545      0.0000000E+00
   3.209091      0.0000000E+00
   3.263636      0.0000000E+00
   3.318182      0.0000000E+00
   3.372727      0.0000000E+00
   3.427273      0.0000000E+00
   3.481818      0.0000000E+00
   3.536364      0.0000000E+00
   3.590909      0.0000000E+00
   3.645454      0.0000000E+00
   3.700000      0.0000000E+00
   3.754545      0.0000000E+00
   3.809091      0.0000000E+00
   3.863636      0.0000000E+00
   3.918182      0.0000000E+00
   3.972727      0.0000000E+00
   4.027273      0.0000000E+00
   4.081818      0.0000000E+00
   4.136364      0.0000000E+00
   4.190909      0.0000000E+00
   4.245454      0.0000000E+00
   4.300000      0.0000000E+00
   4.354546      0.0000000E+00
   4.409091      0.0000000E+00
   4.463636      0.0000000E+00
   4.518182      0.0000000E+00
   4.572727      0.0000000E+00
   4.627273      0.0000000E+00
   4.681818      0.0000000E+00
   4.736363      0.0000000E+00
   4.790909      0.0000000E+00
   4.845455      0.0000000E+00
   4.900000      0.0000000E+00
   4.954545      0.0000000E+00
   5.009091      0.0000000E+00
   5.063636      0.0000000E+00
   5.118182      0.0000000E+00
   5.172727      0.0000000E+00
   5.227273      0.0000000E+00
   5.281818      0.0000000E+00
   5.336363      0.0000000E+00
   5.390909      0.0000000E+00
   5.445455      0.0000000E+00
   5.500000      0.0000000E+00
