0.011618054
0.011740145
0.011863277
0.011987336
0.012112322
0.012238114
0.01236521
0.012493371
0.012622858
0.012753815
0.012886128
0.013019812
0.013154748
0.013291079
0.013428685
0.013567437
0.01370748
0.013848543
0.013990911
0.014134308
0.014278587
0.014423598
0.014569034
0.014714725
0.014860496
0.015006008
0.015151376
0.015295935
0.015439946
0.015582877
0.0157245
0.015864578
0.016002535
0.016138273
0.016271184
0.016400465
0.016525107
0.016644063
0.01675624
0.016860686
0.016956049
0.017041108
0.01711441
0.017174635
0.017220226
0.017248996
0.017258289
0.017245931
0.017209077
0.017145171
0.017051165
0.016924097
0.016761311
0.016559229
0.016314982
0.016026662
0.015692095
0.015309691
0.014877384
0.014393274
0.013857198
0.013269022
0.012628411
0.011935509
0.011190269
0.010392672
0.009542734
0.008640502
0.007686058