  1  0.0091797  0.3279033  0.2944112
  2  0.0091797  0.3854273  0.3413456
  3  0.0183594  0.4425538  0.4069362
  4  0.0361680  0.5030203  0.4745983
  5  0.0620877  0.5668022  0.5443824
  6  0.0967005  0.6328118  0.6163402
  7  0.1501593  0.6915756  0.6905245
  8  0.1999532  0.7386890  0.7290857
  9  0.2478279  0.7848721  0.7687314
 10  0.3020098  0.8238043  0.8094869
 11  0.3631287  0.8637404  0.8513782
 12  0.4390354  0.8975346  0.8944312
 13  0.5303378  0.9295098  0.9351225
 14  0.6367335  0.9640843  0.9769130
 15  0.7674350  0.9917453  1.0198278
 16  0.9210058  1.0238764  1.0638932
 17  1.1016009  1.0548025  1.1091348
 18  1.2990912  1.0827973  1.1392241
 19  1.5142217  1.1120526  1.1700038
 20  1.7521998  1.1381781  1.2014892
 21  2.0106616  1.1691593  1.2336957
 22  2.2946136  1.1974617  1.2666371
 23  2.6083601  1.2306129  1.3067561
 24  2.9583385  1.2606122  1.3478541
 25  3.3456762  1.2932887  1.3899524
 26  3.7774122  1.3228358  1.4330732
 27  4.2551079  1.3552990  1.4772382
 28  4.7501311  1.3887600  1.4902179
 29  5.2603917  1.4256887  1.5032241
 30  5.7892418  1.4604753  1.5162539
 31  6.3374801  1.4959319  1.5293033
 32  6.9083691  1.5296582  1.5423722
 33  7.5065145  1.5677443  1.5626497
 34  8.1362791  1.6038339  1.5831769
 35  8.7978468  1.6424425  1.6039561
 36  9.4940300  1.6809630  1.6249912
 37 10.2296724  1.7175696  1.6462822
 38 10.9757652  1.7549821  1.6363105
 39 11.7322245  1.7925285  1.6255616
 40 12.4945898  1.8345479  1.6140125
 41 13.2640247  1.8750587  1.6016406
 42 14.0459919  1.9098243  1.5884192
 43 14.8396358  1.9455664  1.5743260
 44 15.6422281  1.9840420  1.5593359
 45 15.4484282  2.0207317  0.5364895
 46 15.2037821  2.0581188  0.5364895
 47 14.9112072  2.0887079  0.5364895
 48 14.5696421  2.1166947  0.5364895
 49 14.1732330  2.1467969  0.5364895
 50 13.7192421  2.1754396  0.5364895
 51 13.2030354  2.2043176  0.5364895
 52 12.6320677  2.2209835  0.5364895
 53 12.0029964  2.2368050  0.5364895
 54 11.3140478  2.2499614  0.5364895
 55 10.5621395  2.2616200  0.5364895
 56  9.7436295  2.2721136  0.5364895
 57  8.8697500  2.2662742  0.5364895
 58  7.9394960  2.2572167  0.5364895
 59  6.9530339  2.2436841  0.5364895
 60  5.9109316  2.2252924  0.5364895
 61  4.8145962  2.2012453  0.5364895
 62  3.6708810  2.1662045  0.5364895
 63  2.4823058  2.1250329  0.5364895
 64  1.2565122  2.0728011  0.5364895
 65  0.0000000  2.0112398  0.5364895
