1
0.999107069
0.999116663
0.99910548
0.99911509
0.999103887
0.998800634
0.998799194
0.99879775
0.998796303
0.998794852
0.998604539
0.998602589
0.998611155
0.998598687
0.998596721
0.998246077
0.998242996
0.998239903
0.998226178
0.998233667
0.997505703
0.99748878
0.99749317
0.997486871
0.997469772
0.996470283
0.996446948
0.996434279
0.996432429
0.996408707
0.994725507
0.994708586
0.994669332
0.994640764
0.994623113
0.991422703
0.99135988
0.991284577
0.991207951
0.991118279
0.985815185
0.98559912
0.98540084
0.985172231
0.984949059
0.977142059
0.976594363
0.97604671
0.975445242
0.974841098
0.96391723
0.962581393
0.961111369
0.95955392
0.957832334
0.944873767
0.941657569
0.938042837
0.933971552
0.929281148
0.919627341
0.912603013
0.904233291
0.894090707
