1
0.999746794
0.999726469
0.999695993
0.999665491
0.999624819
0.999624678
0.999604242
0.999604085
0.999614084
0.999613935
0.999613786
0.999603469
0.999603312
0.999592979
0.999572454
0.999562087
0.99953133
0.999520917
0.999490092
0.999449019
0.99939767
0.999325801
0.99924357
0.99915093
0.999037585
0.998934175
0.998789408
0.998664681
0.998508614
0.998341574
0.998163415
0.997953298
0.997741939
0.997498053
0.997210774
0.996868999
0.996471795
0.996018029
0.995516878
0.994945695
0.994312978
0.993605672
0.992831503
0.991976287
0.991002922
0.989883036
0.988641562
0.987235771
0.985676071
0.983925403
0.981977203
0.979833869
0.977421963
0.97475716
0.97186612
0.968696665
0.965240313
0.96141329
0.957156524
0.952501768
0.947356526
0.941585441
0.935065875
0.927576063
0.918833201
0.90843855
0.895810419
0.880064739
